# 行业有效量价因子项目 README

## 一、项目概述
本项目聚焦于基于中信一级行业分类，利用行业指数日度数据，构建多个量价因子。
## 二、数据说明
### （一）行业分类依据
采用中信一级行业分类标准，涵盖银行、房地产、医药等多个行业。

### （二）数据内容
由于行业ETF数据较少，选用行业指数日度数据替代：

| IndustryName | Symbol | IndexName |
| ---- | ---- | ---- |
| 银行 | 399986 | 中证银行指数 |
| 房地产 | 931775 | 中证全指房地产指数(二级行业) |
| 医药 | 000933 | 中证医药卫生指数 |
| 计算机 | 930651 | 中证计算机主题指数 |
| 电力及公用事业 | 000937 | 中证公用事业指数 |
| 机械 | 000812 | 中证细分机械设备产业主题指数 |
| 建材 | 931009 | 中证全指建筑材料指数(三级行业) |
| 家电 | 931021 | 中证家电龙头指数 |
| 农林牧渔 | 930910 | 中证全指农牧渔指数 |
| 电子 | 930652 | 中证电子指数 |
| 汽车 | 931008 | 中证全指汽车指数(三级行业) |
| 通信 | 000936 | 中证通信服务指数 |
| 传媒 | 399971 | 中证传媒指数 |
| 石油石化 | H11057 | 中证石化产业指数 |
| 有色金属 | 930708 | 中证有色金属指数 |
| 交通运输 | 000945 | 中证内地运输主题指数 |
| 电力设备及新能源 | 000941 | 中证内地新能源主题指数 |
| 基础化工 | 000813 | 中证细分化工产业主题指数 |
| 消费者服务 | 000806 | 中证消费服务领先指数 |
| 国防军工 | 399967 | 中证军工指数 |
| 食品饮料 | 930653 | 中证食品饮料指数 |
| 煤炭 | 399998 | 中证煤炭指数 |
| 钢铁 | 930606 | 中证钢铁指数 | 


## 三、因子说明
### （一）动量因子
1. **二阶动量（Mom_diff）**：价格的二阶函数，是简单动量的差值，用于衡量动量改善情况。通过对过去一段时间二阶动量进行指数加权平均构建。一阶动量用过去20日累计收益衡量。
2. **动量期限差（Mom_term）**：由长期动量减去短期动量得到。长期动量窗口设置为40日，短期动量窗口设置为10日。因子值越高，意味着在长期向上趋势明显的行业中剔除了近日较为拥挤的行业。

### （二）交易波动因子
1. **成交金额波动（AVol）**：以过去10日成交金额的标准差衡量行业交易稳定程度，取相反数。波动率最小的组对应因子值最大组，波动率最大的组对应因子值最小组。
2. **成交量波动（VVol）**：为过去10日成交量标准差的相反数。同样，波动率最小组为因子值最大组，波动率最大组为因子值最小组，代表做多市场情绪稳定的行业。


### （三）多空对比因子
1. **多空对比总量（LSAmount）**：计算过去20日多头力量与空头力量比值之和，再取相反数。其中，多头力量为行业指数每日收盘价与最低价的差值，空头力量为每日最高价与收盘价的差值。
2. **多空对比变化（LSChange）**：
    - 先计算当日多空力量对比的金额绝对值，分子为多头力量与空头力量相减（即 (Close - Low) - (High - Close) ），分母为最高价减去最低价（日内价格区间极值），所得比值乘上当日行业成交量。
    - 再用长期每日多空力量对比的指数加权平均值减去短期每日多空力量对比的指数加权平均值，得到该因子。因子值越大，近期多头相对于空头力量减弱。

### 因子IC均值
| 因子 | IC均值 |
| ---- | ---- |
| Mom_diff | -0.027982 |
| Mom_term | 0.001594 |
| AVol | -0.016943 |
| VVol | -0.038176 |
| LSAmount | 0.039619 |
| LSChange | -0.287595 | 

### 因子相关系数表
1. **初始相关系数表**
|         | Mom_diff | Mom_term | AVol | VVol | LSAmount | LSChange |
| ------- | -------- | -------- | ---- | ---- | -------- | -------- |
| Mom_diff | 1.000000 | -0.307879 | -0.040663 | -0.038626 | -0.015485 | -0.443709 |
| Mom_term | -0.307879 | 1.000000 | -0.199746 | -0.235362 | -0.083713 | 0.127591 |
| AVol | -0.040663 | -0.199746 | 1.000000 | 0.624425 | 0.167969 | 0.026068 |
| VVol | -0.038626 | -0.235362 | 0.624425 | 1.000000 | 0.132182 | 0.042387 |
| LSAmount | -0.015485 | -0.083713 | 0.167969 | 0.132182 | 1.000000 | 0.006758 |
| LSChange | -0.443709 | 0.127591 | 0.026068 | 0.042387 | 0.006758 | 1.000000 | 

2. **合并相关性较大的因子后的相关系数表**：AVol与VVol相关系数较大（0.62），等权合并
|         | Mom_diff | Mom_term | Vol | LSAmount | LSChange |
| ------- | -------- | -------- | ---- | -------- | -------- |
| Mom_diff | 1.000000 | -0.307879 | -0.041322 | -0.015485 | -0.443709 |
| Mom_term | -0.307879 | 1.000000 | -0.205371 | -0.083713 | 0.127591 |
| Vol      | -0.041322 | -0.205371 | 1.000000 | 0.169257 | 0.027413 |
| LSAmount | -0.015485 | -0.083713 | 0.169257 | 1.00000 | 0.006758 |
| LSChange | -0.443709 | 0.127591 | 0.027413 | 0.006758 | 1.000000 | 

### 因子分组夏普比率与long-short策略夏普比率
|         | Group1 | Group2 | Group3 | Group4 | Group5 | Long_Short |
| ------- | ------ | ------ | ------ | ------ | ------ | ---------- |
| Mom_diff | -0.373652 | -0.261239 | -0.430669 | -0.255305 | -0.051336 | 0.223567 |
| Mom_term | -0.045000 | -0.377581 | -0.432204 | -0.301888 | -0.264949 | -0.519637 |
| Vol | -0.479993 | -0.272385 | -0.286775 | -0.278491 | 0.048216 | 0.553771 |
| LSAmount | -0.504749 | -0.606545 | -0.145212 | -0.040549 | -0.004471 | 0.827710 |
| LSChange | -0.658110 | 0.111208 | -0.100242 | -0.301888 | -0.283480 | 0.411601 | 
